[display]
width=1266.000000
height=862.000000
[game]
draw_flag=0
