[display]
width=1286.000000
height=1017.000000
[game]
draw_flag=1
