[display]
width=1257.000000
height=886.000000
[game]
draw_flag=0
