[display]
width=1600.000000
height=836.000000
[game]
draw_flag=0
