[display]
width=1399.000000
height=918.000000
[game]
draw_flag=0
