[display]
width=877.000000
height=617.000000
[game]
draw_flag=0
